return {
    World1 = {
        { name = "Sensei Moro", cf = CFrame.new(-201.424652, 31.4239044, 161.058456,0.831701279, 0, -0.555223405,0, 1, 0,0.555223405, 0, 0.831701279) * CFrame.new(0,4,-10) },
        { name = "Greedy Cey", cf = CFrame.new(-110.467529, 37.8373413, -42.2895889, -0.906296611, 0, 0.422642082, 0, 1, 0, -0.422642082, 0, -0.906296611) * CFrame.new(0,4,-10) },
        { name = "Arcane Pickaxe", cf = CFrame.new(232.329254, -11.9933081, -339.927216, 0.73728025, -0.186830103, 0.649239957, 0.0766220987, 0.977924705, 0.194402471, -0.671227992, -0.0935830027, 0.735319853) * CFrame.new(0,4,10) },
        { name = "Forge", cf = CFrame.new(-191.950745, 29.6630554, 171.78299, -0.158446774, 0.00260246499, 0.987364113, 0.030360017, 0.999536514, 0.00223746034, -0.986900687, 0.0303309113, -0.158452347) * CFrame.new(10,4,0)},
        { name = "Bard", cf = CFrame.new(-132.761353, 27.7239609, 114.22113, 0.871491134, 0, -0.490411252, 0, 1, 0, 0.490411252, 0, 0.871491134) * CFrame.new(0,4,-10) },
        { name = "BardGuitar", cf = CFrame.new(-52.0937767, -25.8850899, -60.6807327, 0.418959439, 0.00263993768, 0.908001184, 0.0102015436, 0.999918997, -0.00761426054, -0.907947659, 0.0124530792, 0.418898582) * CFrame.new(0,4,10) },
        { name = "Enhancer", cf = CFrame.new(-259.868988, 21.9674892, 20.5839996, -1, 0, 0, 0, 1, 0, 0, 0, -1) * CFrame.new(0,4,-10) },
        { name = "Injured Miner", cf = CFrame.new(79.5513, -17.3277245, -361.501556, 0.966302752, -0.0160006694, -0.256910294, 0.0422956981, 0.994370222, 0.0971539766, 0.253909439, -0.104746357, 0.961539507) * CFrame.new(0,4,-10) },
        { name = "Marbles", cf = CFrame.new(-183.873291, 28.4194603, 9.79340935, -0.752162337, -8.07967153e-05, -0.658978045, -8.07967153e-05, 1, -3.03871766e-05, 0.658978045, 3.03871766e-05, -0.752162337) * CFrame.new(0,4,-10) },
        { name = "Maria", cf = CFrame.new(-150.057327, 27.0231304, 122.856186, 0.865067184, 0, 0.501655996, 0, 1, 0, -0.501655996, 0, 0.865067184) * CFrame.new(0,4,-10) },
        { name = "Miner Fred", cf = CFrame.new(-85.1462708, 26.3058357, 97.3493271, 0.682111382, 0, 0.731248319, 0, 1, 0, -0.731248319, 0, 0.682111382) * CFrame.new(0,4,-10) },
        { name = "Nord", cf = CFrame.new(43.2025261, -3.71692276, -106.628448, -0.544054627, -0.00266520353, 0.839045942, -0.011897184, 0.999918938, -0.00453816354, -0.838965833, -0.0124512892, -0.54404223) * CFrame.new(0,4,-10) },
        { name = "Runemaker", cf = CFrame.new(-273.768005, 22.6303768, 151.220001, 0.973459423, 0, -0.228859648, 0, 1, 0, 0.228859648, 0, 0.973459423) * CFrame.new(0,4,-10) },
        { name = "Stonewake's Pickaxe", cf = CFrame.new(-46.616436, -5.38134336, -273.27594, -0.0103314752, -1.3580137e-08, -0.999946654, 2.24763514e-08, 1, -1.38130885e-08, 0.999946654, -2.26178614e-08, -0.0103314752) * CFrame.new(0,5,0) },
        { name = "Suspicous Fisher", cf = CFrame.new(-300.231445, 24.0700684, -93.1241837, -0.291805148, 0, -0.956477761, 0, 1, 0, 0.956477761, 0, -0.291805148) * CFrame.new(0,4,-10) },
        { name = "UmutTheBrave", cf = CFrame.new(12.9949999, -5.3579998, -123.556, -0.983864307, -0.00260124449, -0.178897053, -0.000321781496, 0.999918401, -0.0127695939, 0.178915679, -0.012505983, -0.983784914) * CFrame.new(0,4,-10) },
        { name = "Undead", cf = CFrame.new(-47.246357, -28.3790607, -54.2894058, 0.991012812, 0.0583410785, 0.120374218, 0.000971363857, 0.896716833, -0.442603648, -0.133763567, 0.438742816, 0.888601184) * CFrame.new(0,4,-10) },
        { name = "Wizard", cf = CFrame.new(-25.3461914, 81.4371109, -362.071655, -0.924117446, 0, -0.382109433, 0, 1, 0, 0.382109433, 0, -0.924117446) * CFrame.new(0,0,-10) },
    },
    World2 = {
        { name = "Sensei Moro", cf = CFrame.new(10.1937513, 25.4801235, -55.0423279, 0.932672083, 0, 0.360725403, 0, 1, 0, -0.360725403, 0, 0.932672083) * CFrame.new(0,5,-10)},
        { name = "Greedy Cey", cf = CFrame.new(-136.367142, 21.5682964, -23.5318775, 0.516396642, 0, 0.856349528, 0, 1, 0, -0.856349528, 0, 0.516396642) * CFrame.new(0,5,-10)},
        { name = "Demonic Pickaxe", cf = CFrame.new(651.608032, 51.7682686, 269.242737, -0.0868234634, 0.421314329, -0.902749062, 0.00756770372, 0.906423807, 0.422301471, 0.996194959, 0.0298339278, -0.0818872452) * CFrame.new(0,5,10)},
        { name = "Forge", cf = CFrame.new(18.8862915, 23.2089195, -69.3328934, -0.0255925655, 0, 0.999672413, 0, 1, 0, -0.999672413, 0, -0.0255925655) * CFrame.new(0,5,-10)},
        { name = "TomoCat", cf = CFrame.new(298.208191, 19.991787, -81.9829636, 0.341349304, 0, 0.939936519, 0, 1, 0, -0.939936519, 0, 0.341349304) * CFrame.new(0,5,-10)},
        { name = "Monke", cf = CFrame.new(-412.001801, 34.5672569, -243.518555, 0.766028404, 0.0560612194, 0.640357494, -1.74455345e-05, 0.996191502, -0.0871924683, -0.642806768, 0.0667807385, 0.763111949) * CFrame.new(0,5,-10)},
        { name = "Aida", cf = CFrame.new(104.837791, 47.302639, 157.962357, 0.617399931, -0.0124380933, 0.786551118, 0.00541604031, 0.99991852, 0.0115608722, -0.786630869, -0.00287768897, 0.617416978) * CFrame.new(0,5,-10)},
        { name = "Amber", cf = CFrame.new(371.557709, 89.03936, 111.958488, 0.978539705, -0, -0.206058323, 0, 1, -0, 0.206058323, 0, 0.978539705) * CFrame.new(0,5,-10)},
        { name = "Azuk", cf = CFrame.new(7.92818499, 23.0205803, -342.403076, -0.816716909, -0.29942894, 0.493271351, -0.0474545062, 0.886788309, 0.459733218, -0.575084686, 0.352063745, -0.738464236) * CFrame.new(0,5,-10)},
        { name = "Barakkulf", cf = CFrame.new(25.9955559, 23.4155426, -37.8887787, 0, 0, 1, 0, 1, -0, -1, 0, 0) * CFrame.new(0,5,-10)},
        { name = "Captain Rowan", cf = CFrame.new(14.8545942, 75.1445389, -70.2505569, -0.388810992, 0, -0.921317935, 0, 1, 0, 0.921317935, 0, -0.388810992) * CFrame.new(0,5,-10)},
        { name = "Enhancer", cf = CFrame.new(26.1919994, 21.444828, -127.107002, 0, 0, 1, 0, 1, -0, -1, 0, 0) * CFrame.new(0,5,-10)},
        { name = "Farmer", cf = CFrame.new(-119.06749, 22.9439907, -35.1878777, 0.997108221, 0, 0.0759946927, 0, 1, 0, -0.0759946927, 0, 0.997108221) * CFrame.new(0,5,-10)},
        { name = "Fisher", cf = CFrame.new(-16.816452, 19.8539295, -452.774811, -1, 0, -0, 0, 0, -1, 0, -1, -0) * CFrame.new(0,5,-10)},
        { name = "Goblin King", cf = CFrame.new(78.8947372, 22.1120243, -335.690674, 0, 0, 1, 0, 1, -0, -1, 0, 0) * CFrame.new(0,5,-10)},
        { name = "Gurak", cf = CFrame.new(8.2717886, 23.188097, -333.627228, 0.715460956, -0.297315001, 0.632233739, 0.00568637252, 0.90738076, 0.420271099, -0.698629618, -0.297092438, 0.650886178) * CFrame.new(0,5,-10)},
        { name = "Henry", cf = CFrame.new(2.4108274, 74.955368, -40.5650902, -0.152363896, -0.123550065, -0.980571628, -0.0189605728, 0.992338359, -0.12208651, 0.98814261, -9.3691051e-06, -0.153539181) * CFrame.new(0,5,-10)},
        { name = "Isaac", cf = CFrame.new(16.4984283, 76.4235306, -22.1264935, -1.1920929e-07, 0, -1.00000012, 0, 1, 0, 1.00000012, 0, -1.1920929e-07) * CFrame.new(0,5,-10)},
        { name = "Line", cf = CFrame.new(-171.038651, 30.5909863, 58.8187714, -0.361308217, 0, 0.932446539, 0, 1, 0, -0.932446539, 0, -0.361308217) * CFrame.new(0,5,-10)},
        { name = "Malik", cf = CFrame.new(37.5467682, 76.6803589, -48.9664955, -0.975564003, 0, -0.219715998, 0, 1, 0, 0.219715998, 0, -0.975564003) * CFrame.new(0,5,-10)},
        { name = "Marbles", cf = CFrame.new(-111.210533, 21.879755, -97.175972, -0.82989347, 0, 0.557921886, 0, 1, 0, -0.557921886, 0, -0.82989347) * CFrame.new(0,5,-10)},
        { name = "Maria", cf = CFrame.new(-95.0360031, 21.0421047, -35.3860016, 0.970203042, 0, 0.242293328, 0, 1, 0, -0.242293328, 0, 0.970203042) * CFrame.new(0,5,-10)},
        { name = "Masked Stranger", cf = CFrame.new(91.8089066, 74.8648453, -22.9637604, 0.491376758, 0, 0.870947123, 0, 1, 0, -0.870947123, 0, 0.491376758) * CFrame.new(0,5,-10)},
        { name = "Miner Fred", cf = CFrame.new(-155.1922, 19.5525055, -118.447334, -1, 0, 0, 0, 1, 0, 0, 0, -1) * CFrame.new(0,5,-10)},
        { name = "Rhateus", cf = CFrame.new(283.414948, 135.517532, -169.041138, 0.0310077667, -0, -0.999519169, 0, 1, -0, 0.999519169, 0, 0.0310077667) * CFrame.new(0,5,-10)},
        { name = "Runemaker", cf = CFrame.new(-60.1170006, 21.6136513, -139.628998, 0.000122070312, -0, -0.99999994, 0, 1, -0, 0.99999994, 0, 0.000122070312) * CFrame.new(0,5,-10)},
        { name = "Skal", cf = CFrame.new(719.211731, 48.3603745, 103.622643, -0.0347294807, 0, 0.999396741, 0, 1, 0, -0.999396741, 0, -0.0347294807) * CFrame.new(0,5,-10)},
        { name = "Walter", cf = CFrame.new(19.3501282, 76.7488556, -74.2059479, -0.996304035, 0, -0.085897252, 0, 1, 0, 0.085897252, 0, -0.996304035) * CFrame.new(0,5,-10)},
        { name = "Wizard", cf = CFrame.new(110.774872, 41.7783241, 137.935226, 0, 0, 1, 0, 1, -0, -1, 0, 0) * CFrame.new(0,5,-10)},
    },
    World3 = {
        { name = "None", cf = CFrame.new(0, 0, 0) * CFrame.new(0,5,-10)}
    }
}